---
fold0:
  mean: 0.4772386724123353
  stdev: 0.15526287498935945
  precision: 0.4772386724123353
  max: 0.8450641290992846
  min: 0.0
