---
fold0:
  precision: 0.4691579741700735
  recall: 0.9888888888888889
  f_measure: 0.6245155115330081
