---
fold0:
  mean: 0.2551847612417265
  stdev: 0.07320669830942565
  precision: 0.2551847612417265
  max: 0.3812783180104429
  min: 0.09565375418785763
fold1:
  mean: 0.29525151566553337
  stdev: 0.08777398445278645
  precision: 0.29525151566553337
  max: 0.6777150446259337
  min: 0.14484349837639232
fold2:
  mean: 0.3089687039579567
  stdev: 0.10562957307892361
  precision: 0.3089687039579567
  max: 0.5273921548121432
  min: 0.03815239618801277
fold3:
  mean: 0.2903331803223312
  stdev: 0.10341714320050016
  precision: 0.2903331803223312
  max: 0.5229697623142455
  min: 0.01403661150347132
