---
fold0:
  mean: 0.27674735592885846
  stdev: 0.09345852694926852
  precision: 0.27674735592885846
  max: 0.5120475078011038
  min: 0.04899902579185377
fold1:
  mean: 0.2853630802076312
  stdev: 0.10483221617710883
  precision: 0.2853630802076312
  max: 0.5039065719222146
  min: 0.011226480637863735
fold2:
  mean: 0.2693067732604289
  stdev: 0.08649816535189354
  precision: 0.2693067732604289
  max: 0.44405351409159066
  min: 0.01320046408309145
fold3:
  mean: 0.27198042543578327
  stdev: 0.05435721147869468
  precision: 0.27198042543578327
  max: 0.41936534639327705
  min: 0.1865910100194149
