---
fold0:
  precision: 0.5088573426196945
  recall: 1.0
  f_measure: 0.6614078482650257
