---
fold0:
  precision: 0.40725274923834476
  recall: 1.0
  f_measure: 0.5719473918701253
fold1:
  precision: 0.4221582536366518
  recall: 1.0
  f_measure: 0.5814537560083829
fold2:
  precision: 0.3566279568637189
  recall: 1.0
  f_measure: 0.5151090992234273
fold3:
  precision: 0.39794099661267185
  recall: 1.0
  f_measure: 0.5569758471368057
