---
fold0:
  mean: 0.4558255444818391
  stdev: 0.11727494136493431
  precision: 0.4558255444818391
  max: 0.7495430836678939
  min: 0.1696982804555594
fold1:
  mean: 0.4142609196316129
  stdev: 0.16026878834407457
  precision: 0.4142609196316129
  max: 0.7181299014606884
  min: 0.025900198288193396
fold2:
  mean: 0.4216389346622353
  stdev: 0.16181796770477477
  precision: 0.4216389346622353
  max: 0.7422648719428191
  min: 0.0
fold3:
  mean: 0.46192673682857543
  stdev: 0.1288777817984593
  precision: 0.46192673682857543
  max: 0.749462000129354
  min: 0.008758165600361582
