---
fold0:
  mean: 0.2565081514696027
  stdev: 0.07545748072447978
  precision: 0.2565081514696027
  max: 0.41879456763108935
  min: 0.022140728793729438
fold1:
  mean: 0.2752804494637978
  stdev: 0.09460280897826616
  precision: 0.2752804494637978
  max: 0.4864851061545383
  min: 0.0117238326518438
fold2:
  mean: 0.26705607988300806
  stdev: 0.08912909964860877
  precision: 0.26705607988300806
  max: 0.41872974209139546
  min: 0.014527788371905732
fold3:
  mean: 0.26020601057075937
  stdev: 0.0888982548025797
  precision: 0.26020601057075937
  max: 0.49921098252597
  min: 0.02435103492266423
