---
fold0:
  mean: 0.4947235260207475
  stdev: 0.14298788157222844
  precision: 0.4947235260207475
  max: 0.8160576506121052
  min: 0.0
