---
fold0:
  mean: 0.3808757951283475
  stdev: 0.15771379384736317
  precision: 0.3808757951283475
  max: 0.8330632160252851
  min: 0.008865333638539748
fold1:
  mean: 0.38706726246731715
  stdev: 0.13291937431218964
  precision: 0.38706726246731715
  max: 0.7428036603212091
  min: 0.11864397040966368
fold2:
  mean: 0.42332597099562314
  stdev: 0.14565595785906177
  precision: 0.42332597099562314
  max: 0.7553641679353632
  min: 0.0
fold3:
  mean: 0.39238657267061827
  stdev: 0.14769682398719466
  precision: 0.39238657267061827
  max: 0.7171347966079373
  min: 0.009446199971037803
