---
fold0:
  mean: 0.45428744068618326
  stdev: 0.148949266103592
  precision: 0.45428744068618326
  max: 0.8355740943726989
  min: 0.0
