---
fold0:
  mean: 0.40234261958954654
  stdev: 0.12290641203362948
  precision: 0.40234261958954654
  max: 0.6227436248655589
  min: 0.0
fold1:
  mean: 0.41570862425587835
  stdev: 0.14263686131710532
  precision: 0.41570862425587835
  max: 0.7308969837469268
  min: 0.0254333031414494
fold2:
  mean: 0.4103362562846216
  stdev: 0.1574754240041987
  precision: 0.4103362562846216
  max: 0.7380196705979355
  min: 0.02352957465432258
fold3:
  mean: 0.42706151162018396
  stdev: 0.11313444667181524
  precision: 0.42706151162018396
  max: 0.6360940486927974
  min: 0.019231587192981306
