---
fold0:
  mean: 0.4040953847374885
  stdev: 0.13752407691156923
  precision: 0.4040953847374885
  max: 0.6759959082923092
  min: 0.0
fold1:
  mean: 0.41374183083230737
  stdev: 0.12336278041602942
  precision: 0.41374183083230737
  max: 0.7281712597647942
  min: 0.01797025048986665
fold2:
  mean: 0.4051257150264878
  stdev: 0.1272478448194657
  precision: 0.4051257150264878
  max: 0.6983345842719544
  min: 0.010087661806505657
fold3:
  mean: 0.42844019237537545
  stdev: 0.14471662593511123
  precision: 0.42844019237537545
  max: 0.6896045927394112
  min: 0.04606743171072053
