---
fold0:
  precision: 0.3428046184410267
  recall: 1.0
  f_measure: 0.5017198764974726
