---
fold0:
  precision: 0.3469570590978436
  recall: 1.0
  f_measure: 0.504911575556059
