---
fold0:
  mean: 0.4291255586193611
  stdev: 0.11644452011420374
  precision: 0.4291255586193611
  max: 0.7859704236649678
  min: 0.12338195175760065
fold1:
  mean: 0.41123615766533567
  stdev: 0.1576104336743713
  precision: 0.41123615766533567
  max: 0.6982033659748164
  min: 0.01135214012136099
fold2:
  mean: 0.4281854495732526
  stdev: 0.17549408118314633
  precision: 0.4281854495732526
  max: 0.7236455076116112
  min: 0.0
fold3:
  mean: 0.4518913693371206
  stdev: 0.1252358104096576
  precision: 0.4518913693371206
  max: 0.7165371997254814
  min: 0.09081481455182484
