---
fold0:
  mean: 0.45086319538050024
  stdev: 0.14688488747029688
  precision: 0.45086319538050024
  max: 0.8099873558355213
  min: 0.0
