---
fold0:
  mean: 0.33152984210700404
  stdev: 0.11039786816895004
  precision: 0.33152984210700404
  max: 0.6150674095080516
  min: 0.0049788084100298195
