---
fold0:
  mean: 0.3901425455503207
  stdev: 0.1632441350583521
  precision: 0.3901425455503207
  max: 0.7128337722035709
  min: 0.00385140872350931
fold1:
  mean: 0.41860989497594914
  stdev: 0.10450006407456289
  precision: 0.41860989497594914
  max: 0.6433572163197389
  min: 0.21461642570085288
fold2:
  mean: 0.4228547634674783
  stdev: 0.14839139668488305
  precision: 0.4228547634674783
  max: 0.7069622467382867
  min: 0.0
fold3:
  mean: 0.41599132413364015
  stdev: 0.10880928449791887
  precision: 0.41599132413364015
  max: 0.713346075174405
  min: 0.1307754969172282
