---
fold0:
  precision: 0.3948377479930794
  recall: 1.0
  f_measure: 0.556183134257312
