---
fold0:
  mean: 0.4193250057296792
  stdev: 0.13896990744012902
  precision: 0.4193250057296792
  max: 0.7288528494851995
  min: 0.036175179878279486
fold1:
  mean: 0.41745573075187353
  stdev: 0.1396456527116409
  precision: 0.41745573075187353
  max: 0.7275106328901731
  min: 0.0
fold2:
  mean: 0.43568296826469655
  stdev: 0.17579328087409415
  precision: 0.43568296826469655
  max: 0.7987423611332601
  min: 0.014032366180472367
fold3:
  mean: 0.48055943789251865
  stdev: 0.11969741107150378
  precision: 0.48055943789251865
  max: 0.7785689111005168
  min: 0.2197287076374663
