---
fold0:
  mean: 0.4959297420137443
  stdev: 0.14264086964418682
  precision: 0.4959297420137443
  max: 0.8085531977177376
  min: 0.0
