---
fold0:
  precision: 0.4620395818066803
  recall: 0.9833333333333333
  f_measure: 0.6147708071035575
