---
fold0:
  mean: 0.43059474767811184
  stdev: 0.15925563242130442
  precision: 0.43059474767811184
  max: 0.6849622575724161
  min: 0.008865333638539748
fold1:
  mean: 0.43620187037650143
  stdev: 0.13326450430647435
  precision: 0.43620187037650143
  max: 0.71327081483853
  min: 0.0017293141425324125
fold2:
  mean: 0.4388840282566965
  stdev: 0.11697791964548718
  precision: 0.4388840282566965
  max: 0.758449856599408
  min: 0.21746487273934653
fold3:
  mean: 0.3889775116663045
  stdev: 0.15264947343396934
  precision: 0.3889775116663045
  max: 0.6680178528666676
  min: 0.0
