---
fold0:
  mean: 0.2844928029835914
  stdev: 0.10228901711550376
  precision: 0.2844928029835914
  max: 0.5444394936583075
  min: 0.01674659753850735
fold1:
  mean: 0.2770376315277382
  stdev: 0.08061159243600785
  precision: 0.2770376315277382
  max: 0.45353604194373887
  min: 0.023156916163236486
fold2:
  mean: 0.27160405335834265
  stdev: 0.08481021809858301
  precision: 0.27160405335834265
  max: 0.5028797349595601
  min: 0.0132115016005629
fold3:
  mean: 0.2824840916732197
  stdev: 0.08741884356704058
  precision: 0.2824840916732197
  max: 0.4848967677160212
  min: 0.04976937367422376
