---
fold0:
  mean: 0.5060735040643989
  stdev: 0.14254988499990023
  precision: 0.5060735040643989
  max: 0.8251769853465108
  min: 0.0
