---
fold0:
  mean: 0.44085858633961145
  stdev: 0.1525007266513773
  precision: 0.44085858633961145
  max: 0.7279147927218711
  min: 0.010414604738292347
fold1:
  mean: 0.4360555563055847
  stdev: 0.1469692305336536
  precision: 0.4360555563055847
  max: 0.6974227896698183
  min: 0.0
fold2:
  mean: 0.424351678216536
  stdev: 0.12876820878474665
  precision: 0.424351678216536
  max: 0.6594179334322422
  min: 0.021571125043136772
fold3:
  mean: 0.4195818128734986
  stdev: 0.16501160561174633
  precision: 0.4195818128734986
  max: 0.7325229277630844
  min: 0.003674792398076249
