---
fold0:
  mean: 0.38710369079152795
  stdev: 0.13953855063381437
  precision: 0.38710369079152795
  max: 0.7099593034221733
  min: 0.0
fold1:
  mean: 0.4277927315478255
  stdev: 0.17079952745650792
  precision: 0.4277927315478255
  max: 0.7194337590362441
  min: 0.0010451475550510732
fold2:
  mean: 0.43147201502138244
  stdev: 0.1707637479069555
  precision: 0.43147201502138244
  max: 0.7835527366502261
  min: 0.012737253137153797
fold3:
  mean: 0.4406266480437648
  stdev: 0.13110618828190787
  precision: 0.4406266480437648
  max: 0.690568737290546
  min: 0.03823558748315524
