---
fold0:
  mean: 0.5044321043015679
  stdev: 0.1383219162634922
  precision: 0.5044321043015679
  max: 0.7757713230737278
  min: 0.0
