---
fold0:
  mean: 0.5108552284233647
  stdev: 0.14221981658688646
  precision: 0.5108552284233647
  max: 0.8264547540908462
  min: 0.0005411341093925264
