---
fold0:
  precision: 0.45777405467944937
  recall: 1.0
  f_measure: 0.6111925839737277
fold1:
  precision: 0.4467375680764791
  recall: 1.0
  f_measure: 0.6049524431063578
fold2:
  precision: 0.4139059533694195
  recall: 1.0
  f_measure: 0.573963327510425
fold3:
  precision: 0.4191009396815309
  recall: 1.0
  f_measure: 0.5772430824141643
