---
fold0:
  precision: 0.30452316426956927
  recall: 1.0
  f_measure: 0.4558315368999811
fold1:
  precision: 0.30832181135466014
  recall: 1.0
  f_measure: 0.4616517623950517
fold2:
  precision: 0.2618039899972008
  recall: 1.0
  f_measure: 0.40645437745445706
fold3:
  precision: 0.2950042683746502
  recall: 1.0
  f_measure: 0.4469264894246322
