---
fold0:
  precision: 0.37701334779164414
  recall: 1.0
  f_measure: 0.5362838658435536
