---
fold0:
  precision: 0.3755208830843491
  recall: 1.0
  f_measure: 0.5347613037284615
