---
fold0:
  precision: 0.30945900211673477
  recall: 1.0
  f_measure: 0.46381978424661496
