---
fold0:
  mean: 0.26140565332578836
  stdev: 0.10242781878791822
  precision: 0.26140565332578836
  max: 0.4986614928999726
  min: 0.010073604176939222
fold1:
  mean: 0.28578578103004243
  stdev: 0.07834063232614494
  precision: 0.28578578103004243
  max: 0.4938516492101904
  min: 0.16020850593854563
fold2:
  mean: 0.2854029012262248
  stdev: 0.09440498405185833
  precision: 0.2854029012262248
  max: 0.4929287407992352
  min: 0.018052298118465218
fold3:
  mean: 0.2835103224203695
  stdev: 0.07344255521227505
  precision: 0.2835103224203695
  max: 0.4652937774639824
  min: 0.11349140505121105
