---
fold0:
  mean: 0.4128426437921978
  stdev: 0.1632634485733841
  precision: 0.4128426437921978
  max: 0.7716747513861947
  min: 0.0
fold1:
  mean: 0.4039427103714504
  stdev: 0.13097535686368963
  precision: 0.4039427103714504
  max: 0.6758923710461373
  min: 0.06128120255266667
fold2:
  mean: 0.39738654245186833
  stdev: 0.1517454838614128
  precision: 0.39738654245186833
  max: 0.6598438469696182
  min: 0.005404106540608683
fold3:
  mean: 0.41020606442320195
  stdev: 0.13372753868893833
  precision: 0.41020606442320195
  max: 0.6924685152803952
  min: 0.10393228183598056
