---
fold0:
  mean: 0.2974889317739427
  stdev: 0.08424291799755015
  precision: 0.2974889317739427
  max: 0.48216119350247494
  min: 0.049786957369453815
fold1:
  mean: 0.2841478106076216
  stdev: 0.07547742062522166
  precision: 0.2841478106076216
  max: 0.47912081731202466
  min: 0.12891292453709488
fold2:
  mean: 0.2959783354438314
  stdev: 0.08589784442126586
  precision: 0.2959783354438314
  max: 0.4412720927484675
  min: 0.008117011640888018
fold3:
  mean: 0.2720137923006575
  stdev: 0.09648000211779305
  precision: 0.2720137923006575
  max: 0.4811726700970492
  min: 0.008672050737974321
