---
fold0:
  mean: 0.4136662114623602
  stdev: 0.15444610154182659
  precision: 0.4136662114623602
  max: 0.7253921214401206
  min: 0.0019384467387073736
fold1:
  mean: 0.4144838936468039
  stdev: 0.10523976029830943
  precision: 0.4144838936468039
  max: 0.6355412828489222
  min: 0.0667910957388747
fold2:
  mean: 0.4556934879855825
  stdev: 0.11817540720552731
  precision: 0.4556934879855825
  max: 0.6551790532211705
  min: 0.14481348811005995
fold3:
  mean: 0.41636821110131306
  stdev: 0.14199695004909793
  precision: 0.41636821110131306
  max: 0.8076582988756599
  min: 0.010822682187850818
