---
fold0:
  mean: 0.4601970709609658
  stdev: 0.1548582389500219
  precision: 0.4601970709609658
  max: 0.8374899138136915
  min: 0.0
