---
fold0:
  mean: 0.4145729244464713
  stdev: 0.1333736271234505
  precision: 0.4145729244464713
  max: 0.8002131814660364
  min: 0.18496014308507946
fold1:
  mean: 0.40198206308786955
  stdev: 0.1598428359070595
  precision: 0.40198206308786955
  max: 0.781924967754496
  min: 0.002712597224285069
fold2:
  mean: 0.42877437861379086
  stdev: 0.15613390429278093
  precision: 0.42877437861379086
  max: 0.7806143440096575
  min: 0.0010822682187851354
fold3:
  mean: 0.39744834735630546
  stdev: 0.11295983284493012
  precision: 0.39744834735630546
  max: 0.620235636826439
  min: 0.09574560329623016
