---
fold0:
  precision: 0.28113370176618707
  recall: 1.0
  f_measure: 0.4309331435394671
