---
fold0:
  mean: 0.4747156775696413
  stdev: 0.15554292799937147
  precision: 0.4747156775696413
  max: 0.8458240736604851
  min: 0.0
