---
fold0:
  mean: 0.4292731665623864
  stdev: 0.14768112438995518
  precision: 0.4292731665623864
  max: 0.7538128685064319
  min: 0.05873282700078827
fold1:
  mean: 0.42079788156477016
  stdev: 0.14664254265429186
  precision: 0.42079788156477016
  max: 0.7289160096712721
  min: 0.005594787461839082
fold2:
  mean: 0.3771577804890466
  stdev: 0.1388710558569485
  precision: 0.3771577804890466
  max: 0.6663471705968849
  min: 0.0807716060773797
fold3:
  mean: 0.3986725319334102
  stdev: 0.149306544544162
  precision: 0.3986725319334102
  max: 0.7947181815365086
  min: 0.0015862836593470266
