---
fold0:
  mean: 0.4963014808988215
  stdev: 0.1426759499744273
  precision: 0.4963014808988215
  max: 0.8093131422789381
  min: 0.0
