---
fold0:
  mean: 0.4628330218767738
  stdev: 0.14793029309302688
  precision: 0.4628330218767738
  max: 0.7419369052522058
  min: 0.0
fold1:
  mean: 0.42399689452854467
  stdev: 0.15359961904098612
  precision: 0.42399689452854467
  max: 0.6928771684041346
  min: 0.009701911364992523
fold2:
  mean: 0.4006498020969551
  stdev: 0.15868939978187602
  precision: 0.4006498020969551
  max: 0.7165304910736291
  min: 0.016193497925355294
fold3:
  mean: 0.46931080098738315
  stdev: 0.12289731331868249
  precision: 0.46931080098738315
  max: 0.7287820453100344
  min: 0.22564910532095106
