---
fold0:
  mean: 0.4006090903620076
  stdev: 0.15945482760782512
  precision: 0.4006090903620076
  max: 0.6781152346458365
  min: 0.0
fold1:
  mean: 0.4369769590110001
  stdev: 0.11353619959217834
  precision: 0.4369769590110001
  max: 0.7048420018801821
  min: 0.19471420626090327
fold2:
  mean: 0.4044944635133133
  stdev: 0.14720393532457518
  precision: 0.4044944635133133
  max: 0.8108582929973072
  min: 0.10258605886542842
fold3:
  mean: 0.4501945928183082
  stdev: 0.13337558107765396
  precision: 0.4501945928183082
  max: 0.7161832192675253
  min: 0.1441109245999331
