---
fold0:
  precision: 0.5224628077603567
  recall: 1.0
  f_measure: 0.6737865438009857
