---
fold0:
  precision: 0.5241159837608882
  recall: 1.0
  f_measure: 0.6752312169626159
