---
fold0:
  mean: 0.5088573426196945
  stdev: 0.14276623401333796
  precision: 0.5088573426196945
  max: 0.8045113567229628
  min: 0.0005411341093925264
