---
fold0:
  mean: 0.32853011564028806
  stdev: 0.10965471058820978
  precision: 0.32853011564028806
  max: 0.5982052490463262
  min: 0.005853678250585689
