---
fold0:
  mean: 0.519961254143615
  stdev: 0.1416085505126659
  precision: 0.519961254143615
  max: 0.8121015341468344
  min: 0.0006880343706761543
