---
fold0:
  mean: 0.4285937680771926
  stdev: 0.13363582900285187
  precision: 0.4285937680771926
  max: 0.7067883518762125
  min: 0.0
fold1:
  mean: 0.39498417169789346
  stdev: 0.13311484445796512
  precision: 0.39498417169789346
  max: 0.60400889426544
  min: 0.003635247791039776
fold2:
  mean: 0.3832184090856917
  stdev: 0.14209811124479527
  precision: 0.3832184090856917
  max: 0.6531179818287759
  min: 0.020563096156916875
fold3:
  mean: 0.450783839820462
  stdev: 0.10909780410902395
  precision: 0.450783839820462
  max: 0.7040205607873923
  min: 0.21931319403410912
