---
fold0:
  mean: 0.48628840599151035
  stdev: 0.14322732294134544
  precision: 0.48628840599151035
  max: 0.8086053250722156
  min: 0.0
