---
fold0:
  mean: 0.3992632083816222
  stdev: 0.14676432101449077
  precision: 0.3992632083816222
  max: 0.6387472436072668
  min: 0.0010822682187850527
fold1:
  mean: 0.440343409228169
  stdev: 0.10994910217548531
  precision: 0.440343409228169
  max: 0.6835515530982749
  min: 0.23255236031662488
fold2:
  mean: 0.4059777764699435
  stdev: 0.13211241077935837
  precision: 0.4059777764699435
  max: 0.7106939359238066
  min: 0.14690911448216903
fold3:
  mean: 0.45838556117526436
  stdev: 0.11747101858899546
  precision: 0.45838556117526436
  max: 0.7298791668318305
  min: 0.15784476925047644
