---
fold0:
  precision: 0.459572305003376
  recall: 0.9833333333333333
  f_measure: 0.6126776465243711
