---
fold0:
  mean: 0.32873033868247664
  stdev: 0.10509208198783267
  precision: 0.32873033868247664
  max: 0.65795566462067
  min: 0.04642172353131779
fold1:
  mean: 0.27472096125816503
  stdev: 0.07838992399493198
  precision: 0.27472096125816503
  max: 0.42826051031925016
  min: 0.053083913155513
fold2:
  mean: 0.2765681749708567
  stdev: 0.10085323726788513
  precision: 0.2765681749708567
  max: 0.47744528706026274
  min: 0.005980543321531896
fold3:
  mean: 0.2829350761929175
  stdev: 0.09057390446900648
  precision: 0.2829350761929175
  max: 0.48248841128472525
  min: 0.08784614021001116
