---
fold0:
  mean: 0.44181981493583944
  stdev: 0.15370309470939159
  precision: 0.44181981493583944
  max: 0.821531078028482
  min: 0.0
