---
fold0:
  mean: 0.407716582237808
  stdev: 0.1513149116920683
  precision: 0.407716582237808
  max: 0.8294339421467672
  min: 0.017730667277079632
fold1:
  mean: 0.3964033508559232
  stdev: 0.12840228673348358
  precision: 0.3964033508559232
  max: 0.6865818546489664
  min: 0.10942838336354938
fold2:
  mean: 0.4360198976596302
  stdev: 0.1433072705483636
  precision: 0.4360198976596302
  max: 0.7360057047575165
  min: 0.0
fold3:
  mean: 0.39081002475104404
  stdev: 0.1511810050577046
  precision: 0.39081002475104404
  max: 0.7085081302846908
  min: 0.0042582575434404555
