---
fold0:
  precision: 0.4358610216112205
  recall: 1.0
  f_measure: 0.5890578679714746
fold1:
  precision: 0.4343713711570453
  recall: 1.0
  f_measure: 0.590428955420826
fold2:
  precision: 0.39401948278196613
  recall: 1.0
  f_measure: 0.5528048388285617
fold3:
  precision: 0.4018667293006014
  recall: 1.0
  f_measure: 0.5580586261146553
