---
fold0:
  mean: 0.4385077849123527
  stdev: 0.15694526897297698
  precision: 0.4385077849123527
  max: 0.7206244646363681
  min: 0.013337158536811567
fold1:
  mean: 0.45895061049421143
  stdev: 0.15570612491042232
  precision: 0.45895061049421143
  max: 0.7361179762095974
  min: 0.01213484782991791
fold2:
  mean: 0.43002154073740084
  stdev: 0.13199074375109549
  precision: 0.43002154073740084
  max: 0.7407926843599444
  min: 0.07163094564069601
fold3:
  mean: 0.4029231525951657
  stdev: 0.13691971967203112
  precision: 0.4029231525951657
  max: 0.6236241117213137
  min: 0.0
