---
fold0:
  precision: 0.39416104885767617
  recall: 1.0
  f_measure: 0.5518521363256692
fold1:
  precision: 0.36416314000849265
  recall: 1.0
  f_measure: 0.5216798025267488
fold2:
  precision: 0.3419809207834537
  recall: 1.0
  f_measure: 0.5027398133379538
fold3:
  precision: 0.3512045740729747
  recall: 1.0
  f_measure: 0.5112719282770909
