---
fold0:
  mean: 0.45792495016418605
  stdev: 0.1492447729301022
  precision: 0.45792495016418605
  max: 0.8239328068568071
  min: 0.0
