---
fold0:
  mean: 0.46919401669750893
  stdev: 0.1548208240806833
  precision: 0.46919401669750893
  max: 0.8458828928129216
  min: 0.0
