---
fold0:
  precision: 0.45915892597479807
  recall: 0.9833333333333333
  f_measure: 0.6120101575206476
