---
fold0:
  mean: 0.44483636763950885
  stdev: 0.14492350724686986
  precision: 0.44483636763950885
  max: 0.8102538027885453
  min: 0.0
