---
fold0:
  mean: 0.5196413146539927
  stdev: 0.13771637254527763
  precision: 0.5196413146539927
  max: 0.8033807068818822
  min: 0.0
