---
fold0:
  mean: 0.32044009783224137
  stdev: 0.10646437921139812
  precision: 0.32044009783224137
  max: 0.595382077544527
  min: 0.0049788084100298195
