---
fold0:
  mean: 0.47334456546860454
  stdev: 0.15506664255999508
  precision: 0.47334456546860454
  max: 0.8482510315350412
  min: 0.0
