---
fold0:
  mean: 0.44886598198528865
  stdev: 0.14464544225971337
  precision: 0.44886598198528865
  max: 0.8122449573171199
  min: 0.055152783181630645
fold1:
  mean: 0.4262274661868411
  stdev: 0.12938120967516234
  precision: 0.4262274661868411
  max: 0.6986976285646161
  min: 0.07036838816709215
fold2:
  mean: 0.4184746484788232
  stdev: 0.14628780921707218
  precision: 0.4184746484788232
  max: 0.7032198714315206
  min: 0.0032468046563551584
fold3:
  mean: 0.39761515363887767
  stdev: 0.15036555536603552
  precision: 0.39761515363887767
  max: 0.6922715148644468
  min: 0.004251230445587061
