---
fold0:
  mean: 0.4556708596902796
  stdev: 0.1507003051531792
  precision: 0.4556708596902796
  max: 0.7436995684535712
  min: 0.0
fold1:
  mean: 0.4186927860357794
  stdev: 0.15575663680500434
  precision: 0.4186927860357794
  max: 0.6934123172747231
  min: 0.010671133566271064
fold2:
  mean: 0.3906577369057615
  stdev: 0.16210863722778185
  precision: 0.3906577369057615
  max: 0.7321707549076105
  min: 0.011286170831962069
fold3:
  mean: 0.46463905421648355
  stdev: 0.12744166325143805
  precision: 0.46463905421648355
  max: 0.7274716461384915
  min: 0.22085379764522822
