---
fold0:
  precision: 0.5222195453203379
  recall: 1.0
  f_measure: 0.6735760795200197
