---
fold0:
  mean: 0.39623673114587066
  stdev: 0.11367717426425412
  precision: 0.39623673114587066
  max: 0.6249153764159855
  min: 0.1702388414353104
fold1:
  mean: 0.40318024927414003
  stdev: 0.13618102986999855
  precision: 0.40318024927414003
  max: 0.6840562912909299
  min: 0.0019384467387073736
fold2:
  mean: 0.42055776749520646
  stdev: 0.1462517779428049
  precision: 0.42055776749520646
  max: 0.7632744799234056
  min: 0.0
fold3:
  mean: 0.3982066491384323
  stdev: 0.12477241839440242
  precision: 0.3982066491384323
  max: 0.7053975369002156
  min: 0.052137423471001164
