---
fold0:
  mean: 0.445085672127294
  stdev: 0.1453335895299941
  precision: 0.445085672127294
  max: 0.8026543571765408
  min: 0.0
