---
fold0:
  precision: 0.4922710213753068
  recall: 1.0
  f_measure: 0.6483679289477519
