---
fold0:
  mean: 0.4722465168207692
  stdev: 0.1548772143241883
  precision: 0.4722465168207692
  max: 0.8470068516167307
  min: 0.0
