---
fold0:
  precision: 0.45448424749537736
  recall: 1.0
  f_measure: 0.6139626614827237
