---
fold0:
  mean: 0.3898523932197523
  stdev: 0.12252135065622165
  precision: 0.3898523932197523
  max: 0.6576590638624141
  min: 0.11074643200093462
fold1:
  mean: 0.4252267255607568
  stdev: 0.16052588228798229
  precision: 0.4252267255607568
  max: 0.8342729739847912
  min: 0.07991838576562862
fold2:
  mean: 0.40211755330568677
  stdev: 0.13572267335573654
  precision: 0.40211755330568677
  max: 0.6155002887883785
  min: 0.051783797967691406
fold3:
  mean: 0.4248466252364798
  stdev: 0.16337951631429828
  precision: 0.4248466252364798
  max: 0.7068404902694237
  min: 0.0010822682187850527
