---
fold0:
  mean: 0.2940275535489752
  stdev: 0.0825848288042365
  precision: 0.2940275535489752
  max: 0.5252231278360713
  min: 0.06647944401433038
fold1:
  mean: 0.26914029297918673
  stdev: 0.09364277634748126
  precision: 0.26914029297918673
  max: 0.5650611550686978
  min: 0.03998627311072191
fold2:
  mean: 0.2877996062146818
  stdev: 0.10902511694391788
  precision: 0.2877996062146818
  max: 0.5151544570161904
  min: 0.007575877531495451
fold3:
  mean: 0.2821483123133995
  stdev: 0.07854321842899818
  precision: 0.2821483123133995
  max: 0.4719302593899542
  min: 0.12202102359829846
