---
fold0:
  mean: 0.4645788155643067
  stdev: 0.1516370321034575
  precision: 0.4645788155643067
  max: 0.8302116234263776
  min: 0.0
