---
fold0:
  mean: 0.4081052308949094
  stdev: 0.18089072371417692
  precision: 0.4081052308949094
  max: 0.7705374220937867
  min: 0.013297618728734592
fold1:
  mean: 0.4333939783598262
  stdev: 0.11215358579197268
  precision: 0.4333939783598262
  max: 0.7052447629799214
  min: 0.2417196448325421
fold2:
  mean: 0.44963191072218933
  stdev: 0.1608826480309805
  precision: 0.44963191072218933
  max: 0.7493210562635465
  min: 0.0
fold3:
  mean: 0.436741224270726
  stdev: 0.11827560442985205
  precision: 0.436741224270726
  max: 0.7353045162460081
  min: 0.142133855977876
