---
fold0:
  mean: 0.45993389458864103
  stdev: 0.1478596277882707
  precision: 0.45993389458864103
  max: 0.8258847946309593
  min: 0.0
