---
fold0:
  mean: 0.4143525946702445
  stdev: 0.12892009388856296
  precision: 0.4143525946702445
  max: 0.7053882187597891
  min: 0.050866606282898436
fold1:
  mean: 0.3935535355989175
  stdev: 0.13345914986217014
  precision: 0.3935535355989175
  max: 0.6512168357129132
  min: 0.0026985364141769875
fold2:
  mean: 0.40514356940546165
  stdev: 0.13265612866810153
  precision: 0.40514356940546165
  max: 0.6784498594649655
  min: 0.005458163223675536
fold3:
  mean: 0.37356415033050666
  stdev: 0.14212510184501073
  precision: 0.37356415033050666
  max: 0.6219198061783919
  min: 0.0017730667277080176
