---
fold0:
  mean: 0.26537115007549716
  stdev: 0.1013307525130248
  precision: 0.26537115007549716
  max: 0.4320533961421156
  min: 0.008658145750280545
fold1:
  mean: 0.2860614925253145
  stdev: 0.07634773245412071
  precision: 0.2860614925253145
  max: 0.5060059833558004
  min: 0.11666661675402637
fold2:
  mean: 0.2896700478415595
  stdev: 0.09312491842364506
  precision: 0.2896700478415595
  max: 0.529810206762583
  min: 0.12690891001638666
fold3:
  mean: 0.30834527484778274
  stdev: 0.07024385957316838
  precision: 0.30834527484778274
  max: 0.47329379379909947
  min: 0.13221182253780892
