---
fold0:
  precision: 0.4616837329310858
  recall: 0.9833333333333333
  f_measure: 0.6144419611369598
