---
fold0:
  precision: 0.4893342978757188
  recall: 0.9944444444444445
  f_measure: 0.6434045786339598
