---
fold0:
  mean: 0.44974282787517494
  stdev: 0.1546114644597814
  precision: 0.44974282787517494
  max: 0.8253308008344842
  min: 0.0
