---
fold0:
  mean: 0.330698645909063
  stdev: 0.11151154004059052
  precision: 0.330698645909063
  max: 0.6014289418516369
  min: 0.0049788084100298195
