---
fold0:
  mean: 0.44181657319523865
  stdev: 0.11676080785531785
  precision: 0.44181657319523865
  max: 0.728381725966032
  min: 0.09469102493599228
fold1:
  mean: 0.38586333428655056
  stdev: 0.1329670416344829
  precision: 0.38586333428655056
  max: 0.7283114454509476
  min: 0.04889149375870613
fold2:
  mean: 0.4350256888344128
  stdev: 0.16089125161466628
  precision: 0.4350256888344128
  max: 0.6836682992394836
  min: 0.0
fold3:
  mean: 0.42211058334577645
  stdev: 0.11718323879247115
  precision: 0.42211058334577645
  max: 0.6739707578444829
  min: 0.15708596876695227
