---
fold0:
  mean: 0.44158471008359446
  stdev: 0.14304776972834338
  precision: 0.44158471008359446
  max: 0.7699683846047273
  min: 0.0
