---
fold0:
  mean: 0.46605959021287546
  stdev: 0.15334338219543603
  precision: 0.46605959021287546
  max: 0.8431735399847033
  min: 0.0
