---
fold0:
  mean: 0.2731535239468325
  stdev: 0.09669697262242966
  precision: 0.2731535239468325
  max: 0.5108191450303828
  min: 0.008718626031528579
fold1:
  mean: 0.2933625488231671
  stdev: 0.09036901542546934
  precision: 0.2933625488231671
  max: 0.4718450343029434
  min: 0.02243964454109864
fold2:
  mean: 0.27113798769615266
  stdev: 0.07532158261819885
  precision: 0.27113798769615266
  max: 0.4961927089665192
  min: 0.06401807600494516
fold3:
  mean: 0.2709689255818297
  stdev: 0.09609306492549154
  precision: 0.2709689255818297
  max: 0.4749385441927685
  min: 0.007413897752217247
