---
fold0:
  precision: 0.41132040537043735
  recall: 1.0
  f_measure: 0.5702552702626603
