---
fold0:
  mean: 0.44717695934677437
  stdev: 0.12754203744785592
  precision: 0.44717695934677437
  max: 0.7223198950190377
  min: 0.06175489184829197
fold1:
  mean: 0.43549542224698023
  stdev: 0.11140423596869349
  precision: 0.43549542224698023
  max: 0.6746423947253409
  min: 0.14898136352591876
fold2:
  mean: 0.4362286626671312
  stdev: 0.1298481393183098
  precision: 0.4362286626671312
  max: 0.695996268118172
  min: 0.0
fold3:
  mean: 0.39457439941020767
  stdev: 0.13847949941262497
  precision: 0.39457439941020767
  max: 0.6404771869163663
  min: 0.0021220983666661542
