---
fold0:
  mean: 0.4260445469481648
  stdev: 0.15651248301236875
  precision: 0.4260445469481648
  max: 0.721099008656062
  min: 0.0
fold1:
  mean: 0.40165142209702065
  stdev: 0.14628268068302686
  precision: 0.40165142209702065
  max: 0.6631633032890578
  min: 0.008181728087632413
fold2:
  mean: 0.4220770349961449
  stdev: 0.15125060917227356
  precision: 0.4220770349961449
  max: 0.7687683154235677
  min: 0.010621989807661276
fold3:
  mean: 0.393032244560982
  stdev: 0.17287739268852645
  precision: 0.393032244560982
  max: 0.6893199984513406
  min: 0.0
