---
fold0:
  mean: 0.27383348367137167
  stdev: 0.09944693309511632
  precision: 0.27383348367137167
  max: 0.46688059539393656
  min: 0.0162792313907572
fold1:
  mean: 0.27787910661713994
  stdev: 0.08866818203222697
  precision: 0.27787910661713994
  max: 0.42952097722909527
  min: 0.03377888536315501
fold2:
  mean: 0.26828867077696505
  stdev: 0.07542230605270825
  precision: 0.26828867077696505
  max: 0.41620285536423063
  min: 0.014933784465503103
fold3:
  mean: 0.29985192565124136
  stdev: 0.08832896992416062
  precision: 0.29985192565124136
  max: 0.5332911075852317
  min: 0.028680107797804562
