---
fold0:
  mean: 0.3289310470086579
  stdev: 0.10953493320919179
  precision: 0.3289310470086579
  max: 0.6114889389138761
  min: 0.005555246457540609
