---
fold0:
  mean: 0.4996402169680246
  stdev: 0.1426195625428974
  precision: 0.4996402169680246
  max: 0.819097428856907
  min: 0.0
