---
fold0:
  mean: 0.2965882774959605
  stdev: 0.08147511296072209
  precision: 0.2965882774959605
  max: 0.4769192735595041
  min: 0.06293330674959127
fold1:
  mean: 0.2760863381499603
  stdev: 0.09141580583975989
  precision: 0.2760863381499603
  max: 0.4547232844666008
  min: 0.010617529387567534
fold2:
  mean: 0.27482957294611854
  stdev: 0.09147643191925547
  precision: 0.27482957294611854
  max: 0.5667275789962505
  min: 0.11779059519591974
fold3:
  mean: 0.29310829798932575
  stdev: 0.08397052912341975
  precision: 0.29310829798932575
  max: 0.43811293640578747
  min: 0.028138973688411704
