---
fold0:
  mean: 0.41656559868261384
  stdev: 0.1453580410815106
  precision: 0.41656559868261384
  max: 0.6979971563638061
  min: 0.0
fold1:
  mean: 0.4321463206233458
  stdev: 0.13643883220986472
  precision: 0.4321463206233458
  max: 0.7695559748684034
  min: 0.009293178530765183
fold2:
  mean: 0.4210588055335235
  stdev: 0.13896198298158077
  precision: 0.4210588055335235
  max: 0.727174600752472
  min: 0.02425697143134665
fold3:
  mean: 0.4555319622988082
  stdev: 0.16187752064253105
  precision: 0.4555319622988082
  max: 0.7649433669851468
  min: 0.059113663056766554
