---
fold0:
  mean: 0.4274939345134151
  stdev: 0.13882739402044053
  precision: 0.4274939345134151
  max: 0.756133007467559
  min: 0.05395690173537804
fold1:
  mean: 0.37526536831629304
  stdev: 0.14321396233298153
  precision: 0.37526536831629304
  max: 0.6727995526732514
  min: 0.038001585728849735
fold2:
  mean: 0.4372318969950589
  stdev: 0.17852597703714998
  precision: 0.4372318969950589
  max: 0.7829436135148501
  min: 0.0
fold3:
  mean: 0.4115565207376684
  stdev: 0.12639492242275457
  precision: 0.4115565207376684
  max: 0.6893298104100111
  min: 0.15757359097009196
