---
fold0:
  mean: 0.46916360234688714
  stdev: 0.15327821915442325
  precision: 0.46916360234688714
  max: 0.8355740943726989
  min: 0.0
