---
fold0:
  mean: 0.3318702381336893
  stdev: 0.10063796690751513
  precision: 0.3318702381336893
  max: 0.5686620587096751
  min: 0.007331132558280335
