---
fold0:
  mean: 0.5013631717943533
  stdev: 0.1383024626155181
  precision: 0.5013631717943533
  max: 0.7630422581858404
  min: 0.0
