---
fold0:
  precision: 0.2884161688376963
  recall: 1.0
  f_measure: 0.44244144573132527
fold1:
  precision: 0.27916055153641656
  recall: 1.0
  f_measure: 0.4289633463636923
fold2:
  precision: 0.24055739559744221
  recall: 1.0
  f_measure: 0.3814815016630361
fold3:
  precision: 0.2845148221150798
  recall: 1.0
  f_measure: 0.4330317794902182
