---
fold0:
  precision: 0.4167817878447921
  recall: 1.0
  f_measure: 0.565806924074458
fold1:
  precision: 0.44886235630384275
  recall: 1.0
  f_measure: 0.6093616788513393
fold2:
  precision: 0.3917759971446361
  recall: 1.0
  f_measure: 0.5512216513918464
fold3:
  precision: 0.43892308772276944
  recall: 1.0
  f_measure: 0.5968387923294121
