---
fold0:
  mean: 0.39565706362020986
  stdev: 0.14516750264698364
  precision: 0.39565706362020986
  max: 0.6536978692950226
  min: 0.0
fold1:
  mean: 0.4057313259646135
  stdev: 0.14383073721023198
  precision: 0.4057313259646135
  max: 0.7006295069197604
  min: 0.024752647206554814
fold2:
  mean: 0.3988227860587497
  stdev: 0.12425826806729842
  precision: 0.3988227860587497
  max: 0.6088366221343288
  min: 0.011384651227240654
fold3:
  mean: 0.4495026044729955
  stdev: 0.11585154591204527
  precision: 0.4495026044729955
  max: 0.730088921198636
  min: 0.028680107797804773
