---
fold0:
  mean: 0.3244909568964758
  stdev: 0.10836209189211607
  precision: 0.3244909568964758
  max: 0.6220246785929446
  min: 0.0049788084100298195
