---
fold0:
  precision: 0.519961254143615
  recall: 1.0
  f_measure: 0.6714767663442329
