---
fold0:
  mean: 0.47071808777980717
  stdev: 0.1552404140874751
  precision: 0.47071808777980717
  max: 0.8467311424126402
  min: 0.0
