---
fold0:
  mean: 0.45481815666939157
  stdev: 0.14807825718670029
  precision: 0.45481815666939157
  max: 0.8194252666399956
  min: 0.0
