---
fold0:
  mean: 0.43803577201340604
  stdev: 0.1333751519609334
  precision: 0.43803577201340604
  max: 0.7517703798498139
  min: 0.05572996846308606
fold1:
  mean: 0.38287128486563066
  stdev: 0.14232657979841462
  precision: 0.38287128486563066
  max: 0.6809526951155014
  min: 0.040141734034644265
fold2:
  mean: 0.44414022617829396
  stdev: 0.17600626345355094
  precision: 0.44414022617829396
  max: 0.7809996458911405
  min: 0.0
fold3:
  mean: 0.42191863055336404
  stdev: 0.12641123213949035
  precision: 0.42191863055336404
  max: 0.6837080491361177
  min: 0.15494590249908824
