---
fold0:
  mean: 0.404336891500551
  stdev: 0.17691817405673085
  precision: 0.404336891500551
  max: 0.7861684213389815
  min: 0.014773025313979494
fold1:
  mean: 0.43647191021521237
  stdev: 0.11679496477223666
  precision: 0.43647191021521237
  max: 0.7158873689846966
  min: 0.1995919548199657
fold2:
  mean: 0.44588507097846936
  stdev: 0.1659707447570777
  precision: 0.44588507097846936
  max: 0.7358680283389254
  min: 0.0
fold3:
  mean: 0.4281594675323186
  stdev: 0.12987777234406792
  precision: 0.4281594675323186
  max: 0.7179383958313371
  min: 0.12483035088040907
