---
fold0:
  mean: 0.3845252791023062
  stdev: 0.12562808563674768
  precision: 0.3845252791023062
  max: 0.713410644241654
  min: 0.10567440726973956
fold1:
  mean: 0.38662962339092594
  stdev: 0.1603200928615384
  precision: 0.38662962339092594
  max: 0.7930100992639844
  min: 0.003274974461687821
fold2:
  mean: 0.4261266685462106
  stdev: 0.1638057617885
  precision: 0.4261266685462106
  max: 0.7850695785893574
  min: 0.0
fold3:
  mean: 0.38187530166642847
  stdev: 0.12714747039929158
  precision: 0.38187530166642847
  max: 0.6013052186302245
  min: 0.02381476736434269
