---
fold0:
  mean: 0.41362882997537986
  stdev: 0.13928108985744111
  precision: 0.41362882997537986
  max: 0.7019751537080925
  min: 0.005411341093925472
fold1:
  mean: 0.4163404961125264
  stdev: 0.11642137982343706
  precision: 0.4163404961125264
  max: 0.6413258794555844
  min: 0.12496338252649226
fold2:
  mean: 0.4187033683427824
  stdev: 0.1436822204818495
  precision: 0.4187033683427824
  max: 0.6879707145111611
  min: 0.0019384467387073736
fold3:
  mean: 0.4279490959419425
  stdev: 0.11932267665220912
  precision: 0.4279490959419425
  max: 0.7177960400339649
  min: 0.21343214300309385
