---
fold0:
  mean: 0.48490307529536264
  stdev: 0.1431879238253983
  precision: 0.48490307529536264
  max: 0.8073275551404665
  min: 0.0
