---
fold0:
  mean: 0.4842243980395053
  stdev: 0.14310958725590425
  precision: 0.4842243980395053
  max: 0.8065676105792661
  min: 0.0
