---
fold0:
  mean: 0.5027050935504062
  stdev: 0.13833186621230603
  precision: 0.5027050935504062
  max: 0.7675590593735379
  min: 0.0
