---
fold0:
  mean: 0.43412859261998593
  stdev: 0.14389644091454099
  precision: 0.43412859261998593
  max: 0.8066867608149634
  min: 0.05331515488311837
fold1:
  mean: 0.42035648514823526
  stdev: 0.13460959043445386
  precision: 0.42035648514823526
  max: 0.7086717625566918
  min: 0.032168406019242216
fold2:
  mean: 0.4221262990722436
  stdev: 0.15565578818362846
  precision: 0.4221262990722436
  max: 0.7278311541888592
  min: 0.0
fold3:
  mean: 0.3948076343362253
  stdev: 0.14815307550289253
  precision: 0.3948076343362253
  max: 0.7094136943589002
  min: 0.0020570745787090905
