---
fold0:
  mean: 0.3917783533298821
  stdev: 0.11268448190840476
  precision: 0.3917783533298821
  max: 0.6339729856245627
  min: 0.12637697448433174
fold1:
  mean: 0.41934838993970625
  stdev: 0.1416486325287049
  precision: 0.41934838993970625
  max: 0.6850943794208584
  min: 0.11007626640866786
fold2:
  mean: 0.39467987637990043
  stdev: 0.14297737427680818
  precision: 0.39467987637990043
  max: 0.6305894871204082
  min: 0.023049867460203346
fold3:
  mean: 0.42792665246776185
  stdev: 0.16107920779826262
  precision: 0.42792665246776185
  max: 0.7829847914815236
  min: 0.0
