---
fold0:
  precision: 0.2672469206758207
  recall: 1.0
  f_measure: 0.41709176015523935
fold1:
  precision: 0.25598216222856834
  recall: 1.0
  f_measure: 0.4013544263672097
fold2:
  precision: 0.22300671328221447
  recall: 1.0
  f_measure: 0.3593250644960786
fold3:
  precision: 0.26298276030667755
  recall: 1.0
  f_measure: 0.40782309270803624
