---
fold0:
  mean: 0.34841962158556794
  stdev: 0.15713300345122694
  precision: 0.34841962158556794
  max: 0.8370957425569717
  min: 0.0
fold1:
  mean: 0.36711705729569255
  stdev: 0.13979403129640894
  precision: 0.36711705729569255
  max: 0.7695643365873062
  min: 0.08192425566058545
fold2:
  mean: 0.39118468299220654
  stdev: 0.1423679285408913
  precision: 0.39118468299220654
  max: 0.7692858547410802
  min: 0.0
fold3:
  mean: 0.37010238511730603
  stdev: 0.1491475707784767
  precision: 0.37010238511730603
  max: 0.7181928675349526
  min: 0.01817185234046744
