---
fold0:
  mean: 0.5008727828347268
  stdev: 0.1382196546110869
  precision: 0.5008727828347268
  max: 0.7622823136246398
  min: 0.0
