---
fold0:
  mean: 0.399009538625919
  stdev: 0.13734425791846733
  precision: 0.399009538625919
  max: 0.6956796008527021
  min: 0.0
fold1:
  mean: 0.43581394112173005
  stdev: 0.1645727282397537
  precision: 0.43581394112173005
  max: 0.7438050233961799
  min: 0.004833086320798842
fold2:
  mean: 0.43616140042980206
  stdev: 0.17081102343625024
  precision: 0.43616140042980206
  max: 0.7836939118090789
  min: 0.01758387299154027
fold3:
  mean: 0.4469266508403949
  stdev: 0.12777735706052215
  precision: 0.4469266508403949
  max: 0.6948112107304164
  min: 0.02857321920529401
