---
fold0:
  mean: 0.32041785306344545
  stdev: 0.10797732317517336
  precision: 0.32041785306344545
  max: 0.5944652310569163
  min: 0.005555246457540609
