---
fold0:
  mean: 0.42661338708935725
  stdev: 0.15389637950809087
  precision: 0.42661338708935725
  max: 0.706528829457331
  min: 0.0042512304455870386
fold1:
  mean: 0.41174439672867236
  stdev: 0.1377769416125608
  precision: 0.41174439672867236
  max: 0.6764155029855969
  min: 0.06280956775876488
fold2:
  mean: 0.4294047846396173
  stdev: 0.14566383989851073
  precision: 0.4294047846396173
  max: 0.8031489841594065
  min: 0.08670702990461182
fold3:
  mean: 0.4018519804100411
  stdev: 0.14167854504546024
  precision: 0.4018519804100411
  max: 0.6534307738598594
  min: 0.005952475203317872
