---
fold0:
  precision: 0.45757424676724184
  recall: 1.0
  f_measure: 0.6110537789596376
fold1:
  precision: 0.4466589889351277
  recall: 1.0
  f_measure: 0.6048749779887667
fold2:
  precision: 0.4136814368854545
  recall: 1.0
  f_measure: 0.5737679888415743
fold3:
  precision: 0.41892333104628415
  recall: 1.0
  f_measure: 0.5771178660826249
