---
fold0:
  precision: 0.39994137874934865
  recall: 0.9666666666666667
  f_measure: 0.5556351153844147
