---
fold0:
  mean: 0.3025112670344503
  stdev: 0.11254153464777188
  precision: 0.3025112670344503
  max: 0.697877677284366
  min: 0.04834016398654263
fold1:
  mean: 0.2710943093261954
  stdev: 0.09411556843001721
  precision: 0.2710943093261954
  max: 0.46255713281130983
  min: 0.0895557476401617
fold2:
  mean: 0.3031476813124706
  stdev: 0.1037983871767239
  precision: 0.3031476813124706
  max: 0.5580564579793061
  min: 0.013528352734813325
fold3:
  mean: 0.2787861769979789
  stdev: 0.10147666312121388
  precision: 0.2787861769979789
  max: 0.5319220921413685
  min: 0.00978538021349257
