---
fold0:
  precision: 0.42843694358077655
  recall: 1.0
  f_measure: 0.5899459978838186
fold1:
  precision: 0.45577780401080703
  recall: 1.0
  f_measure: 0.6103598691382828
fold2:
  precision: 0.39252399086500767
  recall: 1.0
  f_measure: 0.5508441823074902
fold3:
  precision: 0.41548953285856643
  recall: 1.0
  f_measure: 0.5703216782669346
