---
fold0:
  mean: 0.3428046184410267
  stdev: 0.10118195281114555
  precision: 0.3428046184410267
  max: 0.5671621643209348
  min: 0.005922548995725158
