---
fold0:
  precision: 0.4504185527711338
  recall: 0.9888888888888889
  f_measure: 0.6036594784792424
