---
fold0:
  mean: 0.41053923850687324
  stdev: 0.13912527198319305
  precision: 0.41053923850687324
  max: 0.6591210847785623
  min: 0.0058759753628074805
fold1:
  mean: 0.4335685992610182
  stdev: 0.14074949118914798
  precision: 0.4335685992610182
  max: 0.7117123348245035
  min: 0.012925846349741584
fold2:
  mean: 0.4088126018951049
  stdev: 0.11468257814102924
  precision: 0.4088126018951049
  max: 0.7167100032310444
  min: 0.09316708430322582
fold3:
  mean: 0.3944022219043319
  stdev: 0.1360605957586168
  precision: 0.3944022219043319
  max: 0.6600575785961311
  min: 0.0
