---
fold0:
  precision: 0.4236711992329011
  recall: 1.0
  f_measure: 0.5804974705502965
fold1:
  precision: 0.3987298231482278
  recall: 1.0
  f_measure: 0.5579450714400357
fold2:
  precision: 0.37405129935290043
  recall: 1.0
  f_measure: 0.5365421231562953
fold3:
  precision: 0.3835478500339967
  recall: 1.0
  f_measure: 0.5451091978188426
