---
fold0:
  mean: 0.45618070499814933
  stdev: 0.14921023077610074
  precision: 0.45618070499814933
  max: 0.8332942606890978
  min: 0.0
