---
fold0:
  mean: 0.3212498673652551
  stdev: 0.10723992270713394
  precision: 0.3212498673652551
  max: 0.6020411610716311
  min: 0.0049788084100298195
