---
fold0:
  mean: 0.5130401478666617
  stdev: 0.13881486924612926
  precision: 0.5130401478666617
  max: 0.7993817336993069
  min: 0.0
