---
fold0:
  mean: 0.4618391192322179
  stdev: 0.13675429657727692
  precision: 0.4618391192322179
  max: 0.7942684141396142
  min: 0.012894272533123871
fold1:
  mean: 0.45040031933826763
  stdev: 0.1385624727139293
  precision: 0.45040031933826763
  max: 0.7190496371234936
  min: 0.09618943495350181
fold2:
  mean: 0.4029426671595154
  stdev: 0.169065638473349
  precision: 0.4029426671595154
  max: 0.7284528597039883
  min: 0.0
fold3:
  mean: 0.4130872611686383
  stdev: 0.13138395891298416
  precision: 0.4130872611686383
  max: 0.6812930849956299
  min: 0.012072682135910744
