---
fold0:
  mean: 0.2764878116264367
  stdev: 0.08113156993398699
  precision: 0.2764878116264367
  max: 0.4534581657983065
  min: 0.0149735308107994
fold1:
  mean: 0.2893874231941704
  stdev: 0.09443437481854045
  precision: 0.2893874231941704
  max: 0.4677037663776926
  min: 0.032468046563552205
fold2:
  mean: 0.2707739336182097
  stdev: 0.09946289746704065
  precision: 0.2707739336182097
  max: 0.5161229347275824
  min: 0.03154876723775797
fold3:
  mean: 0.29604672844100904
  stdev: 0.08253545369828898
  precision: 0.29604672844100904
  max: 0.5116853992148329
  min: 0.01824127025824167
