---
fold0:
  mean: 0.5000397317710333
  stdev: 0.14265173197240538
  precision: 0.5000397317710333
  max: 0.8151505795778897
  min: 0.0
