---
fold0:
  mean: 0.2688532242437508
  stdev: 0.09608468845917068
  precision: 0.2688532242437508
  max: 0.4416576341183978
  min: 0.009824924159088878
fold1:
  mean: 0.28029095243431984
  stdev: 0.07668792995764116
  precision: 0.28029095243431984
  max: 0.5109785120552601
  min: 0.04703051492168558
fold2:
  mean: 0.30450634495246404
  stdev: 0.08097748796797904
  precision: 0.30450634495246404
  max: 0.4801718148441074
  min: 0.1313102009666655
fold3:
  mean: 0.28218676665791836
  stdev: 0.10224247581109262
  precision: 0.28218676665791836
  max: 0.645454832372442
  min: 0.027056705469626692
