---
fold0:
  mean: 0.26877825486449675
  stdev: 0.0817374749094157
  precision: 0.26877825486449675
  max: 0.471204702114365
  min: 0.04166732642322512
fold1:
  mean: 0.25476670556561715
  stdev: 0.08723093452999071
  precision: 0.25476670556561715
  max: 0.4492861950439309
  min: 0.014487394190931296
fold2:
  mean: 0.26918024349502495
  stdev: 0.09625114734613192
  precision: 0.26918024349502495
  max: 0.48777214353228715
  min: 0.025377905137502477
fold3:
  mean: 0.22944200446903867
  stdev: 0.08973215424021903
  precision: 0.22944200446903867
  max: 0.4741826867930442
  min: 0.012754721644197782
