---
fold0:
  precision: 0.5312694177513752
  recall: 0.9944444444444445
  f_measure: 0.6813110140018778
