---
fold0:
  mean: 0.5178730530682695
  stdev: 0.14067590961454512
  precision: 0.5178730530682695
  max: 0.821937953793709
  min: 0.0
