---
fold0:
  mean: 0.2706258618065305
  stdev: 0.08452742201949509
  precision: 0.2706258618065305
  max: 0.4770741944523477
  min: 0.007435521461073662
fold1:
  mean: 0.25857081457118647
  stdev: 0.08311663669226595
  precision: 0.25857081457118647
  max: 0.437748455914881
  min: 0.007991045224300884
fold2:
  mean: 0.2647864229515093
  stdev: 0.09812279137458481
  precision: 0.2647864229515093
  max: 0.4940938128301961
  min: 0.01745157477689503
fold3:
  mean: 0.30719309845353115
  stdev: 0.07738804469318156
  precision: 0.30719309845353115
  max: 0.5583254177294583
  min: 0.16674338863057275
