---
fold0:
  precision: 0.3208863772826478
  recall: 1.0
  f_measure: 0.4750999861818431
