---
fold0:
  mean: 0.3388312579955462
  stdev: 0.10143263142454824
  precision: 0.3388312579955462
  max: 0.5688244079589656
  min: 0.006498987043235948
