---
fold0:
  mean: 0.2761565337023277
  stdev: 0.07984975929458477
  precision: 0.2761565337023277
  max: 0.4136505332217469
  min: 0.09345853765057333
fold1:
  mean: 0.26797054735527454
  stdev: 0.08113823907847556
  precision: 0.26797054735527454
  max: 0.42298575317687725
  min: 0.01270008076882723
fold2:
  mean: 0.2820502105395208
  stdev: 0.10323105970436024
  precision: 0.2820502105395208
  max: 0.5853565460841955
  min: 0.017316291500561097
fold3:
  mean: 0.28903095088467956
  stdev: 0.09876038156522819
  precision: 0.28903095088467956
  max: 0.5501804931399483
  min: 0.047764712972388955
