---
fold0:
  mean: 0.4453514937709582
  stdev: 0.15125371865379245
  precision: 0.4453514937709582
  max: 0.7252756164016866
  min: 0.015581529823437704
fold1:
  mean: 0.42220655158388987
  stdev: 0.14705192827203167
  precision: 0.42220655158388987
  max: 0.6932283516255832
  min: 0.003282008173942507
fold2:
  mean: 0.4347513881836085
  stdev: 0.1429162264655657
  precision: 0.4347513881836085
  max: 0.7562283263566465
  min: 0.005665054729006449
fold3:
  mean: 0.4068416489314592
  stdev: 0.16336625132253482
  precision: 0.4068416489314592
  max: 0.70178361106225
  min: 0.0
