---
fold0:
  precision: 0.39758022343790883
  recall: 1.0
  f_measure: 0.5551616218469131
fold1:
  precision: 0.36651473226409864
  recall: 1.0
  f_measure: 0.5240981049960388
fold2:
  precision: 0.34469209879739887
  recall: 1.0
  f_measure: 0.5056193749361372
fold3:
  precision: 0.35404518195217755
  recall: 1.0
  f_measure: 0.5142005791020391
