---
fold0:
  precision: 0.5064882889966429
  recall: 1.0
  f_measure: 0.6593387235403656
