---
fold0:
  mean: 0.34182924195705394
  stdev: 0.1014687395776452
  precision: 0.34182924195705394
  max: 0.5682218640755541
  min: 0.005922548995725158
