---
fold0:
  precision: 0.4502735200192087
  recall: 1.0
  f_measure: 0.6100919888576606
