---
fold0:
  precision: 0.49402738292106746
  recall: 1.0
  f_measure: 0.6498722856402678
