---
fold0:
  mean: 0.33120268190352936
  stdev: 0.10057901680676065
  precision: 0.33120268190352936
  max: 0.5691919085869848
  min: 0.007907570605791146
