---
fold0:
  precision: 0.4643932518912291
  recall: 0.9833333333333333
  f_measure: 0.6167333719148513
