---
fold0:
  mean: 0.42336699146724655
  stdev: 0.14825805780170492
  precision: 0.42336699146724655
  max: 0.8203482963615696
  min: 0.0
