---
fold0:
  mean: 0.497806003375405
  stdev: 0.14263854674938667
  precision: 0.497806003375405
  max: 0.8100730868401386
  min: 0.0
