---
fold0:
  mean: 0.33640300767538894
  stdev: 0.10118925674484586
  precision: 0.33640300767538894
  max: 0.5707814582189139
  min: 0.007075425090746781
