---
fold0:
  mean: 0.4549731397714794
  stdev: 0.14396080743988368
  precision: 0.4549731397714794
  max: 0.7745280519719301
  min: 0.0
