---
fold0:
  precision: 0.439909011041999
  recall: 0.9777777777777777
  f_measure: 0.5936491752813915
