---
fold0:
  mean: 0.4380580185781594
  stdev: 0.18107385271624185
  precision: 0.4380580185781594
  max: 0.7457714219039089
  min: 0.0
fold1:
  mean: 0.44413684934443626
  stdev: 0.14055748120280467
  precision: 0.44413684934443626
  max: 0.7229006360371142
  min: 0.007382094072516851
fold2:
  mean: 0.43575383473658486
  stdev: 0.14927733510286875
  precision: 0.43575383473658486
  max: 0.7493659811135338
  min: 0.009605798249428052
fold3:
  mean: 0.4624547437466037
  stdev: 0.1125151848654425
  precision: 0.4624547437466037
  max: 0.7623171550047967
  min: 0.15416035520197877
