---
fold0:
  mean: 0.4394984474455946
  stdev: 0.1555114195469522
  precision: 0.4394984474455946
  max: 0.7206415781434882
  min: 0.004254833542575722
fold1:
  mean: 0.4168620024676511
  stdev: 0.1482511738035636
  precision: 0.4168620024676511
  max: 0.6813479617327033
  min: 0.0040350663325757034
fold2:
  mean: 0.432685738457523
  stdev: 0.1469729671677362
  precision: 0.432685738457523
  max: 0.7545277232524923
  min: 0.008194109209515655
fold3:
  mean: 0.4044780355539352
  stdev: 0.16944219699520666
  precision: 0.4044780355539352
  max: 0.6923839923724391
  min: 0.0
