---
fold0:
  precision: 0.36560168314664626
  recall: 1.0
  f_measure: 0.5294781134547903
fold1:
  precision: 0.37070762417105724
  recall: 1.0
  f_measure: 0.5307674064299197
fold2:
  precision: 0.3163364176707036
  recall: 1.0
  f_measure: 0.47205794124299777
fold3:
  precision: 0.3565527197306535
  recall: 1.0
  f_measure: 0.5142764591103041
