---
fold0:
  mean: 0.4401128389144882
  stdev: 0.1306614952800111
  precision: 0.4401128389144882
  max: 0.6997445330751685
  min: 0.09592081674598653
fold1:
  mean: 0.42371064418694504
  stdev: 0.13667834805137052
  precision: 0.42371064418694504
  max: 0.6469891179662075
  min: 0.0019384467387073736
fold2:
  mean: 0.40176393436121227
  stdev: 0.1304272884427063
  precision: 0.40176393436121227
  max: 0.6747011156444199
  min: 0.1272334423557523
fold3:
  mean: 0.42055124598597005
  stdev: 0.13066894102048962
  precision: 0.42055124598597005
  max: 0.6911853623885789
  min: 0.017857425609953702
