---
fold0:
  precision: 0.33637730420122003
  recall: 1.0
  f_measure: 0.49200822345117906
fold1:
  precision: 0.2937766312526117
  recall: 1.0
  f_measure: 0.44274896184909696
fold2:
  precision: 0.2829499690155968
  recall: 1.0
  f_measure: 0.43556515228216675
fold3:
  precision: 0.28799879949480306
  recall: 1.0
  f_measure: 0.4392982997848735
