---
fold0:
  precision: 0.3451062815643368
  recall: 1.0
  f_measure: 0.504211955197573
