---
fold0:
  mean: 0.46137212148299733
  stdev: 0.15188321387955728
  precision: 0.46137212148299733
  max: 0.8362911799159811
  min: 0.0
