---
fold0:
  mean: 0.39312908001671365
  stdev: 0.1606326525613742
  precision: 0.39312908001671365
  max: 0.7164003708188634
  min: 0.0
fold1:
  mean: 0.42066606228114434
  stdev: 0.10822354388585757
  precision: 0.42066606228114434
  max: 0.6977965140335519
  min: 0.18239467336975823
fold2:
  mean: 0.39271314745195
  stdev: 0.14758496427222595
  precision: 0.39271314745195
  max: 0.7367768793869304
  min: 0.09137677344771009
fold3:
  mean: 0.45126334020088993
  stdev: 0.1430094669163
  precision: 0.45126334020088993
  max: 0.8161604487187134
  min: 0.13991938475888296
