---
fold0:
  mean: 0.3889538621325382
  stdev: 0.10144383324799891
  precision: 0.3889538621325382
  max: 0.5968378313241955
  min: 0.17843121723375932
fold1:
  mean: 0.4357420138176664
  stdev: 0.1351380667595315
  precision: 0.4357420138176664
  max: 0.8169331098985388
  min: 0.14907732919820135
fold2:
  mean: 0.4292210361959201
  stdev: 0.13603460717704716
  precision: 0.4292210361959201
  max: 0.6970917782018891
  min: 0.049810307907962224
fold3:
  mean: 0.42973134170716815
  stdev: 0.15794987289628357
  precision: 0.42973134170716815
  max: 0.7107220521697715
  min: 0.004644016865139157
