---
fold0:
  precision: 0.5064298978630308
  recall: 1.0
  f_measure: 0.6592907249594414
