---
fold0:
  mean: 0.41597864589698846
  stdev: 0.18366109069431366
  precision: 0.41597864589698846
  max: 0.8038577125181834
  min: 0.0
fold1:
  mean: 0.39393722025000893
  stdev: 0.11450748766140953
  precision: 0.39393722025000893
  max: 0.6163864329426996
  min: 0.06127821084333793
fold2:
  mean: 0.44168005098399943
  stdev: 0.11877122561868944
  precision: 0.44168005098399943
  max: 0.6811704151037535
  min: 0.09384520107528105
fold3:
  mean: 0.41263768900411235
  stdev: 0.15505275476978422
  precision: 0.41263768900411235
  max: 0.8237884050024062
  min: 0.0
