---
fold0:
  mean: 0.43406366585284245
  stdev: 0.1522758694083309
  precision: 0.43406366585284245
  max: 0.8264278528511734
  min: 0.0
