---
fold0:
  mean: 0.4239206245286013
  stdev: 0.14063238925302432
  precision: 0.4239206245286013
  max: 0.7646487726763244
  min: 0.0
