---
fold0:
  mean: 0.5096011577908968
  stdev: 0.13867420814449813
  precision: 0.5096011577908968
  max: 0.7910223435261019
  min: 0.0
