---
fold0:
  mean: 0.4390853940845853
  stdev: 0.14473364045955683
  precision: 0.4390853940845853
  max: 0.7643049681722832
  min: 0.06582509391162022
fold1:
  mean: 0.4281381036454777
  stdev: 0.14548838109015658
  precision: 0.4281381036454777
  max: 0.7205336007587368
  min: 0.0014481248060981028
fold2:
  mean: 0.3895468568095047
  stdev: 0.13922957554367743
  precision: 0.3895468568095047
  max: 0.6745102186144663
  min: 0.09641199901704843
fold3:
  mean: 0.4115008973678461
  stdev: 0.14657805488037945
  precision: 0.4115008973678461
  max: 0.792677236001108
  min: 0.0032468046563552404
