---
fold0:
  precision: 0.4421010935591678
  recall: 0.9888888888888889
  f_measure: 0.5968999153242838
