---
fold0:
  mean: 0.4884109374772232
  stdev: 0.14306236622740945
  precision: 0.4884109374772232
  max: 0.8107380386837021
  min: 0.0
