---
fold0:
  mean: 0.33295219103014423
  stdev: 0.10071102735951847
  precision: 0.33295219103014423
  max: 0.5686620587096751
  min: 0.007075425090746781
