---
fold0:
  precision: 0.4260365213486689
  recall: 1.0
  f_measure: 0.589789640774092
fold1:
  precision: 0.4476122983202924
  recall: 1.0
  f_measure: 0.6047721960242423
fold2:
  precision: 0.37972141495397843
  recall: 1.0
  f_measure: 0.5389039163310543
fold3:
  precision: 0.4148908864609993
  recall: 1.0
  f_measure: 0.5727625491660193
