---
fold0:
  precision: 0.34415781909102144
  recall: 1.0
  f_measure: 0.5019074465008083
