---
fold0:
  mean: 0.40145141470128964
  stdev: 0.1590466952003976
  precision: 0.40145141470128964
  max: 0.8314502054126105
  min: 0.015957600549371547
fold1:
  mean: 0.3956310199943717
  stdev: 0.12814591034136424
  precision: 0.3956310199943717
  max: 0.7109545043082817
  min: 0.1368616431435886
fold2:
  mean: 0.4405321648442086
  stdev: 0.14859024031088183
  precision: 0.4405321648442086
  max: 0.7379274333477411
  min: 0.0
fold3:
  mean: 0.4028440252197304
  stdev: 0.14523319573306503
  precision: 0.4028440252197304
  max: 0.7164436622373048
  min: 0.0077168858285053465
