---
fold0:
  mean: 0.4169300609316014
  stdev: 0.14666182853253404
  precision: 0.4169300609316014
  max: 0.8161266045922014
  min: 0.03368826782645144
fold1:
  mean: 0.3864136789922367
  stdev: 0.11298825303731076
  precision: 0.3864136789922367
  max: 0.6200419756358152
  min: 0.1433690909689145
fold2:
  mean: 0.44601956647272334
  stdev: 0.1343029225592581
  precision: 0.44601956647272334
  max: 0.7190537058062195
  min: 0.0
fold3:
  mean: 0.40340756114609966
  stdev: 0.13553426444731786
  precision: 0.40340756114609966
  max: 0.6898821365994253
  min: 0.002122098366666198
