---
fold0:
  mean: 0.4691579741700735
  stdev: 0.1444689996538424
  precision: 0.4691579741700735
  max: 0.7783277747779322
  min: 0.0
