---
fold0:
  mean: 0.27001590951765275
  stdev: 0.09152998766004089
  precision: 0.27001590951765275
  max: 0.4755453589391466
  min: 0.005952475203317872
fold1:
  mean: 0.2806018838265805
  stdev: 0.06959839553346218
  precision: 0.2806018838265805
  max: 0.42126771996808765
  min: 0.11217674802146062
fold2:
  mean: 0.28819697904389224
  stdev: 0.09315810845868013
  precision: 0.28819697904389224
  max: 0.4875952731412016
  min: 0.012844190407363803
fold3:
  mean: 0.28719665746368567
  stdev: 0.08556268913084158
  precision: 0.28719665746368567
  max: 0.5364334134288654
  min: 0.09573801418236867
