---
fold0:
  mean: 0.4893342978757188
  stdev: 0.14421468663476833
  precision: 0.4893342978757188
  max: 0.788941765506773
  min: 0.0
