---
fold0:
  mean: 0.4531540287010498
  stdev: 0.14949689681461592
  precision: 0.4531540287010498
  max: 0.8393738171787013
  min: 0.0
