---
fold0:
  mean: 0.4581908074202092
  stdev: 0.14914231238577197
  precision: 0.4581908074202092
  max: 0.8243649055085583
  min: 0.0
