---
fold0:
  mean: 0.33097976688086267
  stdev: 0.1004775417999325
  precision: 0.33097976688086267
  max: 0.5697217584642945
  min: 0.007907570605791146
