---
fold0:
  precision: 0.5196413146539927
  recall: 0.9944444444444445
  f_measure: 0.6718388842353036
