---
fold0:
  precision: 0.4106999469986697
  recall: 1.0
  f_measure: 0.5696567762672707
