---
fold0:
  mean: 0.4519078220672842
  stdev: 0.1469796201195742
  precision: 0.4519078220672842
  max: 0.8252627027515338
  min: 0.0
