---
fold0:
  precision: 0.5269213161009882
  recall: 0.9944444444444445
  f_measure: 0.6777472306598219
