---
fold0:
  mean: 0.4128642096642154
  stdev: 0.1519392622208114
  precision: 0.4128642096642154
  max: 0.68975011015276
  min: 0.0
fold1:
  mean: 0.4204297647606961
  stdev: 0.16049829692491427
  precision: 0.4204297647606961
  max: 0.7081928057349341
  min: 0.00878281878460397
fold2:
  mean: 0.4132675488658075
  stdev: 0.14113397707745423
  precision: 0.4132675488658075
  max: 0.689952704440659
  min: 0.01910153705574567
fold3:
  mean: 0.4721134404513707
  stdev: 0.13485104086962207
  precision: 0.4721134404513707
  max: 0.7916700136811653
  min: 0.01314962298580179
